   9.90000000000000       3.800000000012460E-003 -3.185000000001992E-002
   19.9000000000000       4.896999999999707E-002 -8.830000000000382E-002
   29.9000000000000       0.111130000000003      -0.162949999999995     
   39.9000000000000       0.198759999999993      -0.265490000000000     
   49.9000000000000       0.344210000000004      -0.340470000000010     
   59.9000000000000       0.394430000000000      -0.397899999999993     
   69.9000000000000       0.406180000000006      -0.506910000000005     
   79.9000000000000       0.509900000000016      -0.521610000000010     
   89.9000000000000       0.600750000000005      -0.601089999999999     
   99.9000000000000       0.642840000000007      -0.679270000000002     
   109.900000000000       0.734010000000012      -0.724880000000013     
   119.900000000000       0.785830000000004      -0.806910000000016     
   129.900000000000       0.844279999999998      -0.915359999999993     
   139.900000000000       0.925960000000003      -0.968530000000015     
   149.900000000000       0.987650000000002       -1.03317000000001     
   159.900000000000        1.02645000000001       -1.07004000000001     
   169.900000000000        1.07345000000001       -1.14237000000000     
   179.900000000000        1.10150999999999       -1.19947999999999     
   189.900000000000        1.19601000000000       -1.22408000000001     
   199.900000000000        1.24575000000002       -1.26779999999999     
   209.900000000000        1.34775999999999       -1.40780000000001     
   219.900000000000        1.40804000000000       -1.45507000000001     
   229.900000000000        1.45255000000000       -1.52607000000000     
   239.900000000000        1.51777000000001       -1.60026000000002     
   249.900000000000        1.61231000000001       -1.60254000000000     
   259.900000000000        1.66705999999999       -1.70551000000000     
   269.900000000000        1.70184000000000       -1.77459000000002     
   279.900000000000        1.81319999999999       -1.87365000000000     
   289.900000000000        1.92764000000000       -1.97466000000000     
   299.900000000000        1.95902000000001       -2.05689000000001     
   309.900000000000        2.05139000000000       -2.09415000000001     
   319.900000000000        2.10186000000002       -2.17447000000001     
   329.900000000000        2.18687000000000       -2.21586000000002     
   339.900000000000        2.23984000000002       -2.28281000000001     
   349.900000000000        2.29706999999999       -2.34267000000000     
   359.900000000000        2.34059999999999       -2.42398000000000     
   369.900000000000        2.43546000000001       -2.48804000000001     
   379.900000000000        2.53412000000000       -2.63589000000002     
   389.900000000000        2.61887999999999       -2.70965000000001     
   399.900000000000        2.64556000000002       -2.71793000000000     
   409.900000000000        2.71860000000001       -2.80651000000000     
   419.900000000000        2.80700000000002       -2.90680000000000     
   429.900000000000        2.86963000000000       -2.94177000000002     
   439.900000000000        2.91914000000000       -2.95152000000002     
   449.900000000000        2.97772000000001       -3.01863000000000     
   459.900000000000        3.00510000000000       -3.08551000000000     
   469.900000000000        3.07666000000000       -3.15876000000000     
   479.900000000000        3.12738999999999       -3.20129000000000     
   489.900000000000        3.21672000000001       -3.24141000000000     
   499.900000000000        3.30520000000001       -3.34336999999999     
   509.900000000000        3.35968000000000       -3.43747000000002     
   519.900000000000        3.39615000000001       -3.47508999999999     
   529.900000000000        3.45618000000002       -3.54253000000000     
   539.900000000000        3.56900000000002       -3.58163999999999     
   549.900000000000        3.59336999999999       -3.66505000000001     
   559.900000000000        3.71401000000000       -3.70645999999999     
   569.900000000000        3.80552000000000       -3.81751000000000     
   579.900000000000        3.82398000000001       -3.88961000000000     
   589.900000000000        3.92779000000002       -3.93738000000002     
   599.900000000000        3.98799000000000       -3.99417000000000     
   609.900000000000        4.06467000000001       -4.09057000000001     
   619.900000000000        4.12864999999999       -4.21384000000000     
   629.900000000000        4.21379999999999       -4.28373999999999     
   639.900000000000        4.27719999999999       -4.33878000000001     
   649.900000000000        4.36366000000001       -4.36940000000001     
   659.900000000000        4.40931000000000       -4.41431000000000     
   669.900000000000        4.44721000000001       -4.52543000000000     
   679.900000000000        4.55690000000001       -4.58744000000002     
   689.900000000000        4.59952000000001       -4.65133000000000     
   699.900000000000        4.68492000000001       -4.74739000000000     
   709.900000000000        4.77485000000001       -4.76590000000002     
   719.900000000000        4.81300000000002       -4.87010000000001     
   729.900000000000        4.87526000000000       -4.95308000000000     
   739.900000000000        4.96074999999999       -5.03588000000002     
   749.900000000000        5.03627000000000       -5.09000000000000     
   759.900000000000        5.16082000000000       -5.16544000000002     
   769.900000000000        5.15722000000000       -5.21415000000002     
   779.900000000000        5.15136000000001       -5.24302000000000     
   789.900000000000        5.28019000000000       -5.29428000000001     
   799.900000000000        5.33149000000000       -5.36506000000000     
   809.900000000000        5.37680000000000       -5.40273000000002     
   819.900000000000        5.42514000000000       -5.47555000000000     
   829.900000000000        5.48249000000001       -5.53444999999999     
   839.900000000000        5.52248000000000       -5.60440000000000     
   849.900000000000        5.58404999999999       -5.60536999999999     
   859.900000000000        5.65615000000000       -5.68326000000002     
   869.900000000000        5.70402000000001       -5.79255000000001     
   879.900000000000        5.79693000000000       -5.80798000000001     
   889.900000000000        5.87634000000000       -5.92021000000000     
   899.900000000000        5.91051999999999       -5.98061000000001     
   909.900000000000        5.96755000000002       -6.07236000000000     
   919.900000000000        6.04829000000001       -6.14498000000000     
   929.900000000000        6.14887999999999       -6.19465000000000     
   939.900000000000        6.23076000000000       -6.24119000000002     
   949.900000000000        6.27721000000000       -6.32593000000000     
   959.900000000000        6.37063000000001       -6.40054000000001     
   969.900000000000        6.39852999999999       -6.44058000000001     
   979.900000000000        6.51083000000000       -6.52379999999999     
   989.900000000000        6.50836000000001       -6.55319000000000     
   999.900000000000        6.57964000000001       -6.66637000000000     
   1009.90000000000        6.63962000000001       -6.69929999999999     
   1019.90000000000        6.72968000000000       -6.75765000000001     
   1029.90000000000        6.77723000000000       -6.81562000000000     
   1039.90000000000        6.85459000000000       -6.86380000000000     
   1049.90000000000        6.89623000000000       -6.96437000000000     
   1059.90000000000        7.00466000000000       -7.06775999999999     
   1069.90000000000        7.07015000000001       -7.09865000000002     
   1079.90000000000        7.11583000000002       -7.17371000000000     
   1089.90000000000        7.17597000000001       -7.26510000000002     
   1099.90000000000        7.23830000000001       -7.32460000000000     
   1109.90000000000        7.36344000000000       -7.35303000000002     
   1119.90000000000        7.43856000000000       -7.44204999999999     
   1129.90000000000        7.52208000000002       -7.54876000000002     
   1139.90000000000        7.60086000000001       -7.60948999999999     
   1149.90000000000        7.63937000000001       -7.74839000000000     
   1159.90000000000        7.71036000000001       -7.77406999999999     
   1169.90000000000        7.78182000000001       -7.85352000000000     
   1179.90000000000        7.89923999999999       -7.92473000000001     
   1189.90000000000        7.94394000000000       -7.97268000000000     
   1199.90000000000        8.03049000000001       -8.04125000000002     
   1209.90000000000        8.11452000000000       -8.15851000000001     
   1219.90000000000        8.16911999999999       -8.22683000000001     
   1229.90000000000        8.25349000000000       -8.26951000000000     
   1239.90000000000        8.28166999999999       -8.36895000000001     
   1249.90000000000        8.34479000000002       -8.41081000000000     
   1259.90000000000        8.46472000000000       -8.48251999999999     
   1269.90000000000        8.52745999999999       -8.55712000000000     
   1279.90000000000        8.58729000000000       -8.61294000000001     
   1289.90000000000        8.62485000000001       -8.71304000000001     
   1299.90000000000        8.71988000000002       -8.74719000000002     
   1309.90000000000        8.79530000000000       -8.81495000000001     
   1319.90000000000        8.87739999999999       -8.96883000000000     
   1329.90000000000        8.96161000000001       -8.99474000000001     
   1339.90000000000        9.01644999999999       -9.07225000000000     
   1349.90000000000        9.04473000000002       -9.14902000000001     
   1359.90000000000        9.15800999999999       -9.16437000000002     
   1369.90000000000        9.21932000000001       -9.27441000000002     
   1379.90000000000        9.27992000000000       -9.32744000000000     
   1389.90000000000        9.27895000000001       -9.34321000000000     
   1399.90000000000        9.37859000000000       -9.44344000000001     
   1409.90000000000        9.41689000000000       -9.44578000000001     
   1419.90000000000        9.46146000000002       -9.49020000000002     
   1429.90000000000        9.49923000000001       -9.54407000000000     
   1439.90000000000        9.56115000000000       -9.58074999999999     
   1449.90000000000        9.62554000000000       -9.63821000000002     
   1459.90000000000        9.67397000000000       -9.69593000000000     
   1469.90000000000        9.74733000000001       -9.82529000000000     
   1479.90000000000        9.79333000000000       -9.83407000000000     
   1489.90000000000        9.83087000000000       -9.88097000000002     
   1499.90000000000        9.88570000000001       -9.98287000000002     
   1509.90000000000        9.98801000000000       -10.0414500000000     
   1519.90000000000        10.0748500000000       -10.1264800000000     
   1529.90000000000        10.1747600000000       -10.2047400000000     
   1539.90000000000        10.2506500000000       -10.3129400000000     
   1549.90000000000        10.3042400000000       -10.3763300000000     
   1559.90000000000        10.3329100000000       -10.4208500000000     
   1569.90000000000        10.4308300000000       -10.4767400000000     
   1579.90000000000        10.4699600000000       -10.5550900000000     
   1589.90000000000        10.5539000000000       -10.5598400000000     
   1599.90000000000        10.6120100000000       -10.6890400000000     
   1609.90000000000        10.6592000000000       -10.6912700000000     
   1619.90000000000        10.7116400000000       -10.7149200000000     
   1629.90000000000        10.7601900000000       -10.7732100000000     
   1639.90000000000        10.8083200000000       -10.8785000000000     
   1649.90000000000        10.8674400000000       -10.9262500000000     
   1659.90000000000        10.9282100000000       -10.9632500000000     
   1669.90000000000        10.9678500000000       -11.0269800000000     
   1679.90000000000        11.0791500000000       -11.0664900000000     
   1689.90000000000        11.1076500000000       -11.1493200000000     
   1699.90000000000        11.1421400000000       -11.2282500000000     
   1709.90000000000        11.2964600000000       -11.3093300000000     
   1719.90000000000        11.3717900000000       -11.4116400000000     
   1729.90000000000        11.3985700000000       -11.4753000000000     
   1739.90000000000        11.4733800000000       -11.5321000000000     
   1749.90000000000        11.4960400000000       -11.5097500000000     
   1759.90000000000        11.6174300000000       -11.6225500000000     
   1769.90000000000        11.6793200000000       -11.7342600000000     
   1779.90000000000        11.7339000000000       -11.7576800000000     
   1789.90000000000        11.8351600000000       -11.8799900000000     
   1799.90000000000        11.8821300000000       -11.9816300000000     
   1809.90000000000        11.9551100000000       -12.0107200000000     
   1819.90000000000        12.0150200000000       -12.0737800000000     
   1829.90000000000        12.1134200000000       -12.1349300000000     
   1839.90000000000        12.1600000000000       -12.2145600000000     
   1849.90000000000        12.2421800000000       -12.2926400000000     
   1859.90000000000        12.3249900000000       -12.3535700000000     
   1869.90000000000        12.3456300000000       -12.4236500000000     
   1879.90000000000        12.4412600000000       -12.4650400000000     
   1889.90000000000        12.5153800000000       -12.5535900000000     
   1899.90000000000        12.5614300000000       -12.6410100000000     
   1909.90000000000        12.6223500000000       -12.6711000000000     
   1919.90000000000        12.7001000000000       -12.7689500000000     
   1929.90000000000        12.7697500000000       -12.8650100000000     
   1939.90000000000        12.8305800000000       -12.8815800000000     
   1949.90000000000        12.8802500000000       -12.9061100000000     
   1959.90000000000        12.9513300000000       -13.0050300000000     
   1969.90000000000        13.0106900000000       -13.0328100000000     
   1979.90000000000        13.0746200000000       -13.1258100000000     
   1989.90000000000        13.1240400000000       -13.1833700000000     
   1999.90000000000        13.2054300000000       -13.2474000000000     
   2009.90000000000        13.2281700000000       -13.3119900000000     
   2019.90000000000        13.2963000000000       -13.3438600000000     
   2029.90000000000        13.3432100000000       -13.4109600000000     
   2039.90000000000        13.4124400000000       -13.4836500000000     
   2049.90000000000        13.4452700000000       -13.5287300000000     
   2059.90000000000        13.5279500000000       -13.5928200000000     
   2069.90000000000        13.6181100000000       -13.6676900000000     
   2079.90000000000        13.6756800000000       -13.7484800000000     
   2089.90000000000        13.7729200000000       -13.7686800000000     
   2099.90000000000        13.8249800000000       -13.8276600000000     
   2109.90000000000        13.8963100000000       -13.9473700000000     
   2119.90000000000        13.9579400000000       -14.0245900000000     
   2129.90000000000        14.0267100000000       -14.0871000000000     
   2139.90000000000        14.0591400000000       -14.1073300000000     
   2149.90000000000        14.1628500000000       -14.1880500000000     
   2159.90000000000        14.2360800000000       -14.2912100000000     
   2169.90000000000        14.3207200000000       -14.3625600000000     
   2179.90000000000        14.3318300000000       -14.4203700000000     
   2189.90000000000        14.4277200000000       -14.4540700000000     
   2199.90000000000        14.4583400000000       -14.5132400000000     
   2209.90000000000        14.5477900000000       -14.6492100000000     
   2219.90000000000        14.5874500000000       -14.6762800000000     
   2229.90000000000        14.6703000000000       -14.6975500000000     
   2239.90000000000        14.7164000000000       -14.8062500000000     
   2249.90000000000        14.8228400000000       -14.8448600000000     
   2259.90000000000        14.8741200000000       -14.9388300000000     
   2269.90000000000        14.9771200000000       -15.0348200000000     
   2279.90000000000        15.0415100000000       -15.0478000000000     
   2289.90000000000        15.1375200000000       -15.1712600000000     
   2299.90000000000        15.1903000000000       -15.1945400000000     
   2309.90000000000        15.2429000000000       -15.3191400000000     
   2319.90000000000        15.3727100000000       -15.4203400000000     
   2329.90000000000        15.4394200000000       -15.4664100000000     
   2339.90000000000        15.5262400000000       -15.5574100000000     
   2349.90000000000        15.5899100000000       -15.6088200000000     
   2359.90000000000        15.6960000000000       -15.7048100000000     
   2369.90000000000        15.7656700000000       -15.7727700000000     
   2379.90000000000        15.8312300000000       -15.8628800000000     
   2389.90000000000        15.8953100000000       -15.9122300000000     
   2399.90000000000        15.9567400000000       -15.9888900000000     
   2409.90000000000        16.0067500000000       -16.0250200000000     
   2419.90000000000        16.0806800000000       -16.0826300000000     
   2429.90000000000        16.1258900000000       -16.1735000000000     
   2439.90000000000        16.1872100000000       -16.2422300000000     
   2449.90000000000        16.2567100000000       -16.2641500000000     
   2459.90000000000        16.3184900000000       -16.3645700000000     
   2469.90000000000        16.3384800000000       -16.4492700000000     
   2479.90000000000        16.4171600000000       -16.4842800000000     
   2489.90000000000        16.5303000000000       -16.5520000000000     
   2499.90000000000        16.5626700000000       -16.5874100000000     
   2509.90000000000        16.6457300000000       -16.6900600000000     
   2519.90000000000        16.6832600000000       -16.6973200000000     
   2529.90000000000        16.6945300000000       -16.7660300000000     
   2539.90000000000        16.8109900000000       -16.8557200000000     
   2549.90000000000        16.8770000000000       -16.9431100000000     
   2559.90000000000        16.9608300000000       -16.9839000000000     
   2569.90000000000        17.0117700000000       -17.1036300000000     
   2579.90000000000        17.1117600000000       -17.1866100000000     
   2589.90000000000        17.1969000000000       -17.2652500000000     
   2599.90000000000        17.2458600000000       -17.3539500000000     
   2609.90000000000        17.3485900000000       -17.3616900000000     
   2619.90000000000        17.4010600000000       -17.4598400000000     
   2629.90000000000        17.4736400000000       -17.5201700000000     
   2639.90000000000        17.5552900000000       -17.5379000000000     
   2649.90000000000        17.6392500000000       -17.6884600000000     
   2659.90000000000        17.7152200000000       -17.7157000000000     
   2669.90000000000        17.7774300000000       -17.8120400000000     
   2679.90000000000        17.8186200000000       -17.8455300000000     
   2689.90000000000        17.8921800000000       -17.9475500000000     
   2699.90000000000        17.9572100000000       -18.0057700000000     
   2709.90000000000        18.0172800000000       -18.1312500000000     
   2719.90000000000        18.1006700000000       -18.1479100000000     
   2729.90000000000        18.1312200000000       -18.1608800000000     
   2739.90000000000        18.1669400000000       -18.2096900000000     
   2749.90000000000        18.2308600000000       -18.2450400000000     
   2759.90000000000        18.2910200000000       -18.3582500000000     
   2769.90000000000        18.3621700000000       -18.4823600000000     
   2779.90000000000        18.4481900000000       -18.5214200000000     
   2789.90000000000        18.5306800000000       -18.5855100000000     
   2799.90000000000        18.5958200000000       -18.6581600000000     
   2809.90000000000        18.6606800000000       -18.6688800000000     
   2819.90000000000        18.7564100000000       -18.7373800000000     
   2829.90000000000        18.7971700000000       -18.8129900000000     
   2839.90000000000        18.8692800000000       -18.9101800000000     
   2849.90000000000        18.9145300000000       -18.9643500000000     
   2859.90000000000        18.9459500000000       -19.0133800000000     
   2869.90000000000        18.9683500000000       -19.0632500000000     
   2879.90000000000        19.0707300000000       -19.1503500000000     
   2889.90000000000        19.1481200000000       -19.1919900000000     
   2899.90000000000        19.1495800000000       -19.2330700000000     
   2909.90000000000        19.1917300000000       -19.2669500000000     
   2919.90000000000        19.2737200000000       -19.3927300000000     
   2929.90000000000        19.3628800000000       -19.3995500000000     
   2939.90000000000        19.4076700000000       -19.4553300000000     
   2949.90000000000        19.4590100000000       -19.5132800000000     
   2959.90000000000        19.4688500000000       -19.5114200000000     
   2969.90000000000        19.5281200000000       -19.5608600000000     
   2979.90000000000        19.5644200000000       -19.5904500000000     
   2989.90000000000        19.6212700000000       -19.6494200000000     
   2999.90000000000        19.6435400000000       -19.6968400000000     
   3009.90000000000        19.7512200000000       -19.8001900000000     
   3019.90000000000        19.7944800000000       -19.8920100000000     
   3029.90000000000        19.9163700000000       -19.9876600000000     
   3039.90000000000        20.0030500000000       -20.0281300000000     
   3049.90000000000        20.1079100000000       -20.1215700000000     
   3059.90000000000        20.1754200000000       -20.2090900000000     
   3069.90000000000        20.2170300000000       -20.2618000000000     
   3079.90000000000        20.2431500000000       -20.3242900000000     
   3089.90000000000        20.3382800000000       -20.4464800000000     
   3099.90000000000        20.4194000000000       -20.5129100000000     
   3109.90000000000        20.4748000000000       -20.5994300000000     
   3119.90000000000        20.5644000000000       -20.6587500000000     
   3129.90000000000        20.6765300000000       -20.7154200000000     
   3139.90000000000        20.7716900000000       -20.7877000000000     
   3149.90000000000        20.8196300000000       -20.8857400000000     
   3159.90000000000        20.9045300000000       -20.9897500000000     
   3169.90000000000        21.0192300000000       -21.0281600000000     
   3179.90000000000        21.0869500000000       -21.0759200000000     
   3189.90000000000        21.1628600000000       -21.1524800000000     
   3199.90000000000        21.2213500000000       -21.2797700000000     
   3209.90000000000        21.2886000000000       -21.3144000000000     
   3219.90000000000        21.3765400000000       -21.4295900000000     
   3229.90000000000        21.4452900000000       -21.5106600000000     
   3239.90000000000        21.5156900000000       -21.6079700000000     
   3249.90000000000        21.6456100000000       -21.6909000000000     
   3259.90000000000        21.7146100000000       -21.7356500000000     
   3269.90000000000        21.7378800000000       -21.7511000000000     
   3279.90000000000        21.7779600000000       -21.8278800000000     
   3289.90000000000        21.8165200000000       -21.8949100000000     
   3299.90000000000        21.8861500000000       -21.9463800000000     
   3309.90000000000        21.9392300000000       -21.9802700000000     
   3319.90000000000        22.0652400000000       -22.0841200000000     
   3329.90000000000        22.1021600000000       -22.1433500000000     
   3339.90000000000        22.1663700000000       -22.1874300000000     
   3349.90000000000        22.2345100000000       -22.2647500000000     
   3359.90000000000        22.2687700000000       -22.3649500000000     
   3369.90000000000        22.3965200000000       -22.4239900000000     
   3379.90000000000        22.4297400000000       -22.4795100000000     
   3389.90000000000        22.5161500000000       -22.5560200000000     
   3399.90000000000        22.5558500000000       -22.6267900000000     
   3409.90000000000        22.6461500000000       -22.6500800000000     
   3419.90000000000        22.6880100000000       -22.6667000000000     
   3429.90000000000        22.7175200000000       -22.7900000000000     
   3439.90000000000        22.7923500000000       -22.8921800000000     
   3449.90000000000        22.8497500000000       -22.9130700000000     
   3459.90000000000        22.9218000000000       -22.9835300000000     
   3469.90000000000        23.0241100000000       -23.0664000000000     
   3479.90000000000        23.0950900000000       -23.1620300000000     
   3489.90000000000        23.2070700000000       -23.2195600000000     
   3499.90000000000        23.2598400000000       -23.3137900000000     
   3509.90000000000        23.3157500000000       -23.3900200000000     
   3519.90000000000        23.3836600000000       -23.4590000000000     
   3529.90000000000        23.4890900000000       -23.5226100000000     
   3539.90000000000        23.5436200000000       -23.5452600000000     
   3549.90000000000        23.6076900000000       -23.6506400000000     
   3559.90000000000        23.6524600000000       -23.7146300000000     
   3569.90000000000        23.6924300000000       -23.7595700000000     
   3579.90000000000        23.7617300000000       -23.8058700000000     
   3589.90000000000        23.8399500000000       -23.9089500000000     
   3599.90000000000        23.8579100000000       -23.9493300000000     
   3609.90000000000        23.9618600000000       -24.0132800000000     
   3619.90000000000        24.0320400000000       -24.0665900000000     
   3629.90000000000        24.0802400000000       -24.1391900000000     
   3639.90000000000        24.1683700000000       -24.2219200000000     
   3649.90000000000        24.2722700000000       -24.2899200000000     
   3659.90000000000        24.3542500000000       -24.3864900000000     
   3669.90000000000        24.4148700000000       -24.4203800000000     
   3679.90000000000        24.4863800000000       -24.5437900000000     
   3689.90000000000        24.5787600000000       -24.5891600000000     
   3699.90000000000        24.5908100000000       -24.6298500000000     
   3709.90000000000        24.6312300000000       -24.6960800000000     
   3719.90000000000        24.6948900000000       -24.7689100000000     
   3729.90000000000        24.7648300000000       -24.8279000000000     
   3739.90000000000        24.8448400000000       -24.8865800000000     
   3749.90000000000        24.8832600000000       -24.9248300000000     
   3759.90000000000        24.9546000000000       -24.9926900000000     
   3769.90000000000        25.0103500000000       -25.0061600000000     
   3779.90000000000        25.1002300000000       -25.0996800000000     
   3789.90000000000        25.1262000000000       -25.1795300000000     
   3799.90000000000        25.1720000000000       -25.2972800000000     
   3809.90000000000        25.2133900000000       -25.3371400000000     
   3819.90000000000        25.2503700000000       -25.3997000000000     
   3829.90000000000        25.3651300000000       -25.4093200000000     
   3839.90000000000        25.4421200000000       -25.4948800000000     
   3849.90000000000        25.4625300000000       -25.5223100000000     
   3859.90000000000        25.5735900000000       -25.6484300000000     
   3869.90000000000        25.6707100000000       -25.7245300000000     
   3879.90000000000        25.7493500000000       -25.7699600000000     
   3889.90000000000        25.8355500000000       -25.8441500000000     
   3899.90000000000        25.8886700000000       -25.9834500000000     
   3909.90000000000        25.9501000000000       -25.9735900000000     
   3919.90000000000        26.0359300000000       -26.0656400000000     
   3929.90000000000        26.0742800000000       -26.0987600000000     
   3939.90000000000        26.1360100000000       -26.1662600000000     
   3949.90000000000        26.1718800000000       -26.2502400000000     
   3959.90000000000        26.2532400000000       -26.3279500000000     
   3969.90000000000        26.3396300000000       -26.3477300000000     
   3979.90000000000        26.4116500000000       -26.4364400000000     
   3989.90000000000        26.4462800000000       -26.4548600000000     
   3999.90000000000        26.5419600000000       -26.5670200000000     
   4009.90000000000        26.6008800000000       -26.6163400000000     
   4019.90000000000        26.6491800000000       -26.6654200000000     
   4029.90000000000        26.7169000000000       -26.7755400000000     
   4039.90000000000        26.7599200000000       -26.8421400000000     
   4049.90000000000        26.8386900000000       -26.8184100000000     
   4059.90000000000        26.8555100000000       -26.8912200000000     
   4069.90000000000        26.9541900000000       -27.0319100000000     
   4079.90000000000        27.0333400000000       -27.1020900000000     
   4089.90000000000        27.1137400000000       -27.1463500000000     
   4099.90000000000        27.1933900000000       -27.2279800000000     
   4109.90000000000        27.2358000000000       -27.2822800000000     
   4119.90000000000        27.3417500000000       -27.3845100000000     
   4129.90000000000        27.3981700000000       -27.4285300000000     
   4139.90000000000        27.4329100000000       -27.4812900000000     
   4149.90000000000        27.5102300000000       -27.5887000000000     
   4159.90000000000        27.5995700000000       -27.6354900000000     
   4169.90000000000        27.6247200000000       -27.6741300000000     
   4179.90000000000        27.6893300000000       -27.7632600000000     
   4189.90000000000        27.7286400000000       -27.8161500000000     
   4199.90000000000        27.8527700000000       -27.8800800000000     
   4209.90000000000        27.8726500000000       -27.9431900000000     
   4219.90000000000        27.9801000000000       -28.0055100000000     
   4229.90000000000        28.0080600000000       -28.0716700000000     
   4239.90000000000        28.0873100000000       -28.0923600000000     
   4249.90000000000        28.1975500000000       -28.2304600000000     
   4259.90000000000        28.3180300000000       -28.3418300000000     
   4269.90000000000        28.4072600000000       -28.3933700000000     
   4279.90000000000        28.4696500000000       -28.5125400000000     
   4289.90000000000        28.5549000000000       -28.6074700000000     
   4299.90000000000        28.6546500000000       -28.7080400000000     
   4309.90000000000        28.7218200000000       -28.7920700000000     
   4319.90000000000        28.7823000000000       -28.8481300000000     
   4329.90000000000        28.8599700000000       -28.9209000000000     
   4339.90000000000        28.9226800000000       -28.9784600000000     
   4349.90000000000        29.0002000000000       -29.0584000000000     
   4359.90000000000        29.0753400000000       -29.1408400000000     
   4369.90000000000        29.1566900000000       -29.2195400000000     
   4379.90000000000        29.2213200000000       -29.2702200000000     
   4389.90000000000        29.2934200000000       -29.3147900000000     
   4399.90000000000        29.3644000000000       -29.3941600000000     
   4409.90000000000        29.3919400000000       -29.4804700000000     
   4419.90000000000        29.4238300000000       -29.4995500000000     
   4429.90000000000        29.4975300000000       -29.5447600000000     
   4439.90000000000        29.5618400000000       -29.5809600000000     
   4449.90000000000        29.6220800000000       -29.6721900000000     
   4459.90000000000        29.7394600000000       -29.7522000000000     
   4469.90000000000        29.7783600000000       -29.8343000000000     
   4479.90000000000        29.8367900000000       -29.9148400000000     
   4489.90000000000        29.9177800000000       -29.9533000000000     
   4499.90000000000        30.0110900000000       -30.0575400000000     
   4509.90000000000        30.0766300000000       -30.1243400000000     
   4519.90000000000        30.1185200000000       -30.1859500000000     
   4529.90000000000        30.2015900000000       -30.2298300000000     
   4539.90000000000        30.2505500000000       -30.2941500000000     
   4549.90000000000        30.3218500000000       -30.3529000000000     
   4559.90000000000        30.4212100000000       -30.4190600000000     
   4569.90000000000        30.4839500000000       -30.5105600000000     
   4579.90000000000        30.5035500000000       -30.5446700000000     
   4589.90000000000        30.5654800000000       -30.6537800000000     
   4599.90000000000        30.6487700000000       -30.7078400000000     
   4609.90000000000        30.6926200000000       -30.7165500000000     
   4619.90000000000        30.7948100000000       -30.8320100000000     
   4629.90000000000        30.8699600000000       -30.9290300000000     
   4639.90000000000        30.9547700000000       -30.9859700000000     
   4649.90000000000        31.0227800000000       -31.0796000000000     
   4659.90000000000        31.0363300000000       -31.1266900000000     
   4669.90000000000        31.1566000000000       -31.2157600000000     
   4679.90000000000        31.1677200000000       -31.2883400000000     
   4689.90000000000        31.2549500000000       -31.3259900000000     
   4699.90000000000        31.3201900000000       -31.4020100000000     
   4709.90000000000        31.3829100000000       -31.4625700000000     
   4719.90000000000        31.4855000000000       -31.5386200000000     
   4729.90000000000        31.5177600000000       -31.5257100000000     
   4739.90000000000        31.6033600000000       -31.5861800000000     
   4749.90000000000        31.6929500000000       -31.7230500000000     
   4759.90000000000        31.7303700000000       -31.8035900000000     
   4769.90000000000        31.8039800000000       -31.8462500000000     
   4779.90000000000        31.8640100000000       -31.9370900000000     
   4789.90000000000        31.9315300000000       -32.0425900000000     
   4799.90000000000        32.0529900000000       -32.0502100000000     
   4809.90000000000        32.0709500000000       -32.1154100000000     
   4819.90000000000        32.0946500000000       -32.2102100000000     
   4829.90000000000        32.1998000000000       -32.2150200000000     
   4839.90000000000        32.2029200000000       -32.3148200000000     
   4849.90000000000        32.3079600000000       -32.3799100000000     
   4859.90000000000        32.3595300000000       -32.4540500000000     
   4869.90000000000        32.4162800000000       -32.4716300000000     
   4879.90000000000        32.4807000000000       -32.5778100000000     
   4889.90000000000        32.5613900000000       -32.6436500000000     
   4899.90000000000        32.6816200000000       -32.7200900000000     
   4909.90000000000        32.7417000000000       -32.7903900000000     
   4919.90000000000        32.7934400000000       -32.8314400000000     
   4929.90000000000        32.8655400000000       -32.9177700000000     
   4939.90000000000        32.9330600000000       -33.0196900000000     
   4949.90000000000        32.9972600000000       -33.0404000000000     
   4959.90000000000        33.0973600000000       -33.1105900000000     
   4969.90000000000        33.1760400000000       -33.2419300000000     
   4979.90000000000        33.2225500000000       -33.2524200000000     
   4989.90000000000        33.2691500000000       -33.2579700000000     
   4999.90000000000        33.2900400000000       -33.3115100000000     
   5009.90000000000        33.3653400000000       -33.4233100000000     
   5019.90000000000        33.4544700000000       -33.4883600000000     
   5029.90000000000        33.5155100000000       -33.5788500000000     
   5039.90000000000        33.5662900000000       -33.6684500000000     
   5049.90000000000        33.5799100000000       -33.6762900000000     
   5059.90000000000        33.6325100000000       -33.7362900000000     
   5069.90000000000        33.6893900000000       -33.8094600000000     
   5079.90000000000        33.7720800000000       -33.8641600000000     
   5089.90000000000        33.8576100000000       -33.8826300000000     
   5099.90000000000        33.9376800000000       -33.9667500000000     
   5109.90000000000        33.9446200000000       -33.9814800000000     
   5119.90000000000        33.9955300000000       -34.0369400000000     
   5129.90000000000        34.0939200000000       -34.0801900000000     
   5139.90000000000        34.1437700000000       -34.1954100000000     
   5149.90000000000        34.1918000000000       -34.2555300000000     
   5159.90000000000        34.2981500000000       -34.3623300000000     
   5169.90000000000        34.3867800000000       -34.4214900000000     
   5179.90000000000        34.4354700000000       -34.4938300000000     
   5189.90000000000        34.4903100000000       -34.5765700000000     
   5199.90000000000        34.6032200000000       -34.6451400000000     
   5209.90000000000        34.6258000000000       -34.7183500000000     
   5219.90000000000        34.7043700000000       -34.7435300000000     
   5229.90000000000        34.7670100000000       -34.8044600000000     
   5239.90000000000        34.8302700000000       -34.8478400000000     
   5249.90000000000        34.9051700000000       -34.8800900000000     
   5259.90000000000        34.9197300000000       -34.9172300000000     
   5269.90000000000        34.9678300000000       -35.0300100000000     
   5279.90000000000        35.0337000000000       -35.0700800000000     
   5289.90000000000        35.1654500000000       -35.2088900000000     
   5299.90000000000        35.1929100000000       -35.2215300000000     
   5309.90000000000        35.2637100000000       -35.3160300000000     
   5319.90000000000        35.3409200000000       -35.3238800000000     
   5329.90000000000        35.3681400000000       -35.3801800000000     
   5339.90000000000        35.3941500000000       -35.4679300000000     
   5349.90000000000        35.4330700000000       -35.5193000000000     
   5359.90000000000        35.5396000000000       -35.5695800000000     
   5369.90000000000        35.5712600000000       -35.6201800000000     
   5379.90000000000        35.6398200000000       -35.6980100000000     
   5389.90000000000        35.7403200000000       -35.7573800000000     
   5399.90000000000        35.7806300000000       -35.8187100000000     
   5409.90000000000        35.8558500000000       -35.8774100000000     
   5419.90000000000        35.9012300000000       -35.9213000000000     
   5429.90000000000        35.9752400000000       -36.0159000000000     
   5439.90000000000        36.0334200000000       -36.0992800000000     
   5449.90000000000        36.0721500000000       -36.1129000000000     
   5459.90000000000        36.1111500000000       -36.2160600000000     
   5469.90000000000        36.2025000000000       -36.2693900000000     
   5479.90000000000        36.2581500000000       -36.2977900000000     
   5489.90000000000        36.2904800000000       -36.3342200000000     
   5499.90000000000        36.3701600000000       -36.4052000000000     
   5509.90000000000        36.4897800000000       -36.5393900000000     
   5519.90000000000        36.5479500000000       -36.5787200000000     
   5529.90000000000        36.5823500000000       -36.6709200000000     
   5539.90000000000        36.6955200000000       -36.6695600000000     
   5549.90000000000        36.6967700000000       -36.7626500000000     
   5559.90000000000        36.8084900000000       -36.8061100000000     
   5569.90000000000        36.8431000000000       -36.9176700000000     
   5579.90000000000        36.9409700000000       -36.9664400000000     
   5589.90000000000        36.9931500000000       -37.0424000000000     
   5599.90000000000        37.0715900000000       -37.1415800000000     
   5609.90000000000        37.1615600000000       -37.2056200000000     
   5619.90000000000        37.2358900000000       -37.2526700000000     
   5629.90000000000        37.2800500000000       -37.3351800000000     
   5639.90000000000        37.4079300000000       -37.4807600000000     
   5649.90000000000        37.4843400000000       -37.4965000000000     
   5659.90000000000        37.4925700000000       -37.5422900000000     
   5669.90000000000        37.5674600000000       -37.6313800000000     
   5679.90000000000        37.6272100000000       -37.6584700000000     
   5689.90000000000        37.6856700000000       -37.7241400000000     
   5699.90000000000        37.7622900000000       -37.8298000000000     
   5709.90000000000        37.8669200000000       -37.8811200000000     
   5719.90000000000        37.8842300000000       -37.9215900000000     
   5729.90000000000        37.9750500000000       -37.9644100000000     
   5739.90000000000        38.0283300000000       -38.0383800000000     
   5749.90000000000        38.0220800000000       -38.1229700000000     
   5759.90000000000        38.0893100000000       -38.1479600000000     
   5769.90000000000        38.1622100000000       -38.2043700000000     
   5779.90000000000        38.2349600000000       -38.2862400000000     
   5789.90000000000        38.2987500000000       -38.3412100000000     
   5799.90000000000        38.3504200000000       -38.4128800000000     
   5809.90000000000        38.3965400000000       -38.4268300000000     
   5819.90000000000        38.4513300000000       -38.4864600000000     
   5829.90000000000        38.5115500000000       -38.5268700000000     
   5839.90000000000        38.5848600000000       -38.6631800000000     
   5849.90000000000        38.6915400000000       -38.7265000000000     
   5859.90000000000        38.7300400000000       -38.7859200000000     
   5869.90000000000        38.8023000000000       -38.8440800000000     
   5879.90000000000        38.8481200000000       -38.9286500000000     
   5889.90000000000        38.8920900000000       -38.9364300000000     
   5899.90000000000        38.9416900000000       -39.0040400000000     
   5909.90000000000        38.9919800000000       -39.0146300000000     
   5919.90000000000        39.0567100000000       -39.1245000000000     
   5929.90000000000        39.1376000000000       -39.2157400000000     
   5939.90000000000        39.1610600000000       -39.2537000000000     
   5949.90000000000        39.2308600000000       -39.3273600000000     
   5959.90000000000        39.3453600000000       -39.3542700000000     
   5969.90000000000        39.4049700000000       -39.4476900000000     
   5979.90000000000        39.4470600000000       -39.5199600000000     
   5989.90000000000        39.5371300000000       -39.6030000000000     
   5999.90000000000        39.5812000000000       -39.6785900000000     
   6009.90000000000        39.6776300000000       -39.7528100000000     
   6019.90000000000        39.7459600000000       -39.7981900000000     
   6029.90000000000        39.8098900000000       -39.9252800000000     
   6039.90000000000        39.9195800000000       -39.9460000000000     
   6049.90000000000        39.9635200000000       -40.0333200000000     
   6059.90000000000        40.0312300000000       -40.1235000000000     
   6069.90000000000        40.1318200000000       -40.1774700000000     
   6079.90000000000        40.1546000000000       -40.1896700000000     
   6089.90000000000        40.2408500000000       -40.2806900000000     
   6099.90000000000        40.3223500000000       -40.3743600000000     
   6109.90000000000        40.3535800000000       -40.4018100000000     
   6119.90000000000        40.4600500000000       -40.4096000000000     
   6129.90000000000        40.4565500000000       -40.4886300000000     
   6139.90000000000        40.5059300000000       -40.5975300000000     
   6149.90000000000        40.6183900000000       -40.6509700000000     
   6159.90000000000        40.6727700000000       -40.7270100000000     
   6169.90000000000        40.7534500000000       -40.8259500000000     
   6179.90000000000        40.7945400000000       -40.8472300000000     
   6189.90000000000        40.8535000000000       -40.9349900000000     
   6199.90000000000        40.9617000000000       -41.0457300000000     
   6209.90000000000        40.9986800000000       -41.0325000000000     
   6219.90000000000        41.0381500000000       -41.1123800000000     
   6229.90000000000        41.1346800000000       -41.2102900000000     
   6239.90000000000        41.1856200000000       -41.2253600000000     
   6249.90000000000        41.2212800000000       -41.3230900000000     
   6259.90000000000        41.2998800000000       -41.3593900000000     
   6269.90000000000        41.3197100000000       -41.3890300000000     
   6279.90000000000        41.4187400000000       -41.5177600000000     
   6289.90000000000        41.4872400000000       -41.5378600000000     
   6299.90000000000        41.5926800000000       -41.6466100000000     
   6309.90000000000        41.6070400000000       -41.7045600000000     
   6319.90000000000        41.6887600000000       -41.7470300000000     
   6329.90000000000        41.7422200000000       -41.7896100000000     
   6339.90000000000        41.7877400000000       -41.8766800000000     
   6349.90000000000        41.8643400000000       -41.8710100000000     
   6359.90000000000        41.9340500000000       -41.9509700000000     
   6369.90000000000        42.0044100000000       -42.0141800000000     
   6379.90000000000        42.0995400000000       -42.1017800000000     
   6389.90000000000        42.1579900000000       -42.2449300000000     
   6399.90000000000        42.2232300000000       -42.3376700000000     
   6409.90000000000        42.3205100000000       -42.3692800000000     
   6419.90000000000        42.3745500000000       -42.4428200000000     
   6429.90000000000        42.4275400000000       -42.5081200000000     
   6439.90000000000        42.5123800000000       -42.5395700000000     
   6449.90000000000        42.5352400000000       -42.6486900000000     
   6459.90000000000        42.6534900000000       -42.7305600000000     
   6469.90000000000        42.7275300000000       -42.8208100000000     
   6479.90000000000        42.8296200000000       -42.9255800000000     
   6489.90000000000        42.9240400000000       -42.9740900000000     
   6499.90000000000        43.0231200000000       -43.0508900000000     
   6509.90000000000        43.0649700000000       -43.1456700000000     
   6519.90000000000        43.1840400000000       -43.2141800000000     
   6529.90000000000        43.2115200000000       -43.2696300000000     
   6539.90000000000        43.2658800000000       -43.2968300000000     
   6549.90000000000        43.3542600000000       -43.4269500000000     
   6559.90000000000        43.4795700000000       -43.4990900000000     
   6569.90000000000        43.5292100000000       -43.6047500000000     
   6579.90000000000        43.5969100000000       -43.6306600000000     
   6589.90000000000        43.6635900000000       -43.7672300000000     
   6599.90000000000        43.7586500000000       -43.8007400000000     
   6609.90000000000        43.8361900000000       -43.8423000000000     
   6619.90000000000        43.8924300000000       -43.9282000000000     
   6629.90000000000        43.9469300000000       -44.0063400000000     
   6639.90000000000        44.0654200000000       -44.0689600000000     
   6649.90000000000        44.1076500000000       -44.1691400000000     
   6659.90000000000        44.1330800000000       -44.1929100000000     
   6669.90000000000        44.1676100000000       -44.2549700000000     
   6679.90000000000        44.2387000000000       -44.3016100000000     
   6689.90000000000        44.3268700000000       -44.3741900000000     
   6699.90000000000        44.3632000000000       -44.4275400000000     
   6709.90000000000        44.3710300000000       -44.5107600000000     
   6719.90000000000        44.4813700000000       -44.5564700000000     
   6729.90000000000        44.5567900000000       -44.6415300000000     
   6739.90000000000        44.5979900000000       -44.6759400000000     
   6749.90000000000        44.7202300000000       -44.7724600000000     
   6759.90000000000        44.8358000000000       -44.8370200000000     
   6769.90000000000        44.8526000000000       -44.8780900000000     
   6779.90000000000        44.9349700000000       -44.9646400000000     
   6789.90000000000        44.9865800000000       -45.0578900000000     
   6799.90000000000        45.0656800000000       -45.1286000000000     
   6809.90000000000        45.1677800000000       -45.1791300000000     
   6819.90000000000        45.2325400000000       -45.2804400000000     
   6829.90000000000        45.2564000000000       -45.3188400000000     
   6839.90000000000        45.3253400000000       -45.3902000000000     
   6849.90000000000        45.4019800000000       -45.4367900000000     
   6859.90000000000        45.4725100000000       -45.5516000000000     
   6869.90000000000        45.5543600000000       -45.5959300000000     
   6879.90000000000        45.5534500000000       -45.6427400000000     
   6889.90000000000        45.6360600000000       -45.7129000000000     
   6899.90000000000        45.7714100000000       -45.7759200000000     
   6909.90000000000        45.8161700000000       -45.8541600000000     
   6919.90000000000        45.9284900000000       -45.9385500000000     
   6929.90000000000        45.9591400000000       -46.0164300000000     
   6939.90000000000        46.0455100000000       -46.0726400000000     
   6949.90000000000        46.0709400000000       -46.0733000000000     
   6959.90000000000        46.1436800000000       -46.1860200000000     
   6969.90000000000        46.1838000000000       -46.2600600000000     
   6979.90000000000        46.2128700000000       -46.2851800000000     
   6989.90000000000        46.3297600000000       -46.3981400000000     
   6999.90000000000        46.3381700000000       -46.4642000000000     
   7009.90000000000        46.3998800000000       -46.4713500000000     
   7019.90000000000        46.5163900000000       -46.5778200000000     
   7029.90000000000        46.6049400000000       -46.6363900000000     
   7039.90000000000        46.7070800000000       -46.7657700000000     
   7049.90000000000        46.7281500000000       -46.7814100000000     
   7059.90000000000        46.7340200000000       -46.8335700000000     
   7069.90000000000        46.8038800000000       -46.8368400000000     
   7079.90000000000        46.8745400000000       -46.9114900000000     
   7089.90000000000        46.9916400000000       -47.0356600000000     
   7099.90000000000        47.0308600000000       -47.0673000000000     
   7109.90000000000        47.1156600000000       -47.1264700000000     
   7119.90000000000        47.1720800000000       -47.2062900000000     
   7129.90000000000        47.2085800000000       -47.2528200000000     
   7139.90000000000        47.2718800000000       -47.3560200000000     
   7149.90000000000        47.3457600000000       -47.4118800000000     
   7159.90000000000        47.4505300000000       -47.4969900000000     
   7169.90000000000        47.4938800000000       -47.5651800000000     
   7179.90000000000        47.5912700000000       -47.5951200000000     
   7189.90000000000        47.6730600000000       -47.7060700000000     
   7199.90000000000        47.7245600000000       -47.7065200000000     
   7209.90000000000        47.7599800000000       -47.8026300000000     
   7219.90000000000        47.8041600000000       -47.8445800000000     
   7229.90000000000        47.8402000000000       -47.9294600000000     
   7239.90000000000        47.8954100000000       -47.9436400000000     
   7249.90000000000        47.9910400000000       -48.0139200000000     
   7259.90000000000        48.0499800000000       -48.0815800000000     
   7269.90000000000        48.0914400000000       -48.1831200000000     
   7279.90000000000        48.1701700000000       -48.2457100000000     
   7289.90000000000        48.2750500000000       -48.3741100000000     
   7299.90000000000        48.3290100000000       -48.3889800000000     
   7309.90000000000        48.4053800000000       -48.4647500000000     
   7319.90000000000        48.4983000000000       -48.4810600000000     
   7329.90000000000        48.5539800000000       -48.6287300000000     
   7339.90000000000        48.6513700000000       -48.6652100000000     
   7349.90000000000        48.6741300000000       -48.7237700000000     
   7359.90000000000        48.7712800000000       -48.8395900000000     
   7369.90000000000        48.8568300000000       -48.8700100000000     
   7379.90000000000        48.8924500000000       -48.9311100000000     
   7389.90000000000        48.9373300000000       -49.0063400000000     
   7399.90000000000        49.0138600000000       -49.1085600000000     
   7409.90000000000        49.1049300000000       -49.1876700000000     
   7419.90000000000        49.1606100000000       -49.2199800000000     
   7429.90000000000        49.2654200000000       -49.3468400000000     
   7439.90000000000        49.3735300000000       -49.4059800000000     
   7449.90000000000        49.4510000000000       -49.4873100000000     
   7459.90000000000        49.5303000000000       -49.5944500000000     
   7469.90000000000        49.5832300000000       -49.6211900000000     
   7479.90000000000        49.6713300000000       -49.7080300000000     
   7489.90000000000        49.7207700000000       -49.7672300000000     
   7499.90000000000        49.8388800000000       -49.8445600000000     
   7509.90000000000        49.8616900000000       -49.9107000000000     
   7519.90000000000        49.9504800000000       -49.9990500000000     
   7529.90000000000        49.9994400000000       -50.0522100000000     
   7539.90000000000        50.0776300000000       -50.0998600000000     
   7549.90000000000        50.1264700000000       -50.1697900000000     
   7559.90000000000        50.1568600000000       -50.1770000000000     
   7569.90000000000        50.2023700000000       -50.2129900000000     
   7579.90000000000        50.2081500000000       -50.2949800000000     
   7589.90000000000        50.3145100000000       -50.3398400000000     
   7599.90000000000        50.3813500000000       -50.4204500000000     
   7609.90000000000        50.4963500000000       -50.5076700000000     
   7619.90000000000        50.5628300000000       -50.6184300000000     
   7629.90000000000        50.6250200000000       -50.6705900000000     
   7639.90000000000        50.6977500000000       -50.7699000000000     
   7649.90000000000        50.7699500000000       -50.8128400000000     
   7659.90000000000        50.8402500000000       -50.8835200000000     
   7669.90000000000        50.9253200000000       -50.9694200000000     
   7679.90000000000        50.9861900000000       -51.0615700000000     
   7689.90000000000        51.0176800000000       -51.0707900000000     
   7699.90000000000        51.1016200000000       -51.1007100000000     
   7709.90000000000        51.1565000000000       -51.2037500000000     
   7719.90000000000        51.2473500000000       -51.3197000000000     
   7729.90000000000        51.2899400000000       -51.3324300000000     
   7739.90000000000        51.4002200000000       -51.3853700000000     
   7749.90000000000        51.4135200000000       -51.4760400000000     
   7759.90000000000        51.4941600000000       -51.5271800000000     
   7769.90000000000        51.5559500000000       -51.6398500000000     
   7779.90000000000        51.6228300000000       -51.6899600000000     
   7789.90000000000        51.6864200000000       -51.7270700000000     
   7799.90000000000        51.7688200000000       -51.7951400000000     
   7809.90000000000        51.8320800000000       -51.8977000000000     
   7819.90000000000        51.8963200000000       -51.9433300000000     
   7829.90000000000        51.9916500000000       -52.0001600000000     
   7839.90000000000        52.0362400000000       -52.1117900000000     
   7849.90000000000        52.1061100000000       -52.1682000000000     
   7859.90000000000        52.1781100000000       -52.2508900000000     
   7869.90000000000        52.2408900000000       -52.3055600000000     
   7879.90000000000        52.2951200000000       -52.3201100000000     
   7889.90000000000        52.3115200000000       -52.3634100000000     
   7899.90000000000        52.4053500000000       -52.4602100000000     
   7909.90000000000        52.4641000000000       -52.5013600000000     
   7919.90000000000        52.5364100000000       -52.5894700000000     
   7929.90000000000        52.5678600000000       -52.6436200000000     
   7939.90000000000        52.6655200000000       -52.7112600000000     
   7949.90000000000        52.7246400000000       -52.7613700000000     
   7959.90000000000        52.7995300000000       -52.8666100000000     
   7969.90000000000        52.8833900000000       -52.9287700000000     
   7979.90000000000        52.9336300000000       -52.9507800000000     
   7989.90000000000        53.0113700000000       -53.0319200000000     
   7999.90000000000        53.0621000000000       -53.1175700000000     
   8009.90000000000        53.1485100000000       -53.1649000000000     
   8019.90000000000        53.1751600000000       -53.2266300000000     
   8029.90000000000        53.2821700000000       -53.3607900000000     
   8039.90000000000        53.3962600000000       -53.4211900000000     
   8049.90000000000        53.4645700000000       -53.5140800000000     
   8059.90000000000        53.5801100000000       -53.5858200000000     
   8069.90000000000        53.5990100000000       -53.6264700000000     
   8079.90000000000        53.6926700000000       -53.7832500000000     
   8089.90000000000        53.7333300000000       -53.7794500000000     
   8099.90000000000        53.8134200000000       -53.8262200000000     
   8109.90000000000        53.8896900000000       -53.9496900000000     
   8119.90000000000        53.9615000000000       -54.0082500000000     
   8129.90000000000        54.0271100000000       -54.1258100000000     
   8139.90000000000        54.0792000000000       -54.1249400000000     
   8149.90000000000        54.1307100000000       -54.2287300000000     
   8159.90000000000        54.2343400000000       -54.2931800000000     
   8169.90000000000        54.3105600000000       -54.3451800000000     
   8179.90000000000        54.3435900000000       -54.4463000000000     
   8189.90000000000        54.4179900000000       -54.4962200000000     
   8199.90000000000        54.4790300000000       -54.5598800000000     
   8209.90000000000        54.5332200000000       -54.6097100000000     
   8219.90000000000        54.5868800000000       -54.6967400000000     
   8229.90000000000        54.6516700000000       -54.7058000000000     
   8239.90000000000        54.6959900000000       -54.7835800000000     
   8249.90000000000        54.7956600000000       -54.8054600000000     
   8259.90000000000        54.8264200000000       -54.8734800000000     
   8269.90000000000        54.9034700000000       -54.9609600000000     
   8279.90000000000        54.9327700000000       -55.0155700000000     
   8289.90000000000        55.0033300000000       -55.0407700000000     
   8299.90000000000        55.0689300000000       -55.1356400000000     
   8309.90000000000        55.1460200000000       -55.2344000000000     
   8319.90000000000        55.2650700000000       -55.3063600000000     
   8329.90000000000        55.3204800000000       -55.3318200000000     
   8339.90000000000        55.3735900000000       -55.4659200000000     
   8349.90000000000        55.4801700000000       -55.5728800000000     
   8359.90000000000        55.5686800000000       -55.6082000000000     
   8369.90000000000        55.6390800000000       -55.7183000000000     
   8379.90000000000        55.7212000000000       -55.7642100000000     
   8389.90000000000        55.7532100000000       -55.7909900000000     
   8399.90000000000        55.8250500000000       -55.9101400000000     
   8409.90000000000        55.9170400000000       -55.9276300000000     
   8419.90000000000        55.9650600000000       -55.9952700000000     
   8429.90000000000        56.0816100000000       -56.0725000000000     
   8439.90000000000        56.1248700000000       -56.1453700000000     
   8449.90000000000        56.1503600000000       -56.2078100000000     
   8459.90000000000        56.1980700000000       -56.2967300000000     
   8469.90000000000        56.2876300000000       -56.3291400000000     
   8479.90000000000        56.3693700000000       -56.3909400000000     
   8489.90000000000        56.4570300000000       -56.4530300000000     
   8499.90000000000        56.4714700000000       -56.5395900000000     
   8509.90000000000        56.5731300000000       -56.5890500000000     
   8519.90000000000        56.6012600000000       -56.6518800000000     
   8529.90000000000        56.7054500000000       -56.7119100000000     
   8539.90000000000        56.7662500000000       -56.8031700000000     
   8549.90000000000        56.7752700000000       -56.8430100000000     
   8559.90000000000        56.8217300000000       -56.8966600000000     
   8569.90000000000        56.8904500000000       -56.9352900000000     
   8579.90000000000        56.9525600000000       -57.0243200000000     
   8589.90000000000        57.0532800000000       -57.1043800000000     
   8599.90000000000        57.1387000000000       -57.1499900000000     
   8609.90000000000        57.1805900000000       -57.2380600000000     
   8619.90000000000        57.1919200000000       -57.2328600000000     
   8629.90000000000        57.2774100000000       -57.3243900000000     
   8639.90000000000        57.3891000000000       -57.3839100000000     
   8649.90000000000        57.4328100000000       -57.4487800000000     
   8659.90000000000        57.5029000000000       -57.5646400000000     
   8669.90000000000        57.5852300000000       -57.6152100000000     
   8679.90000000000        57.6779100000000       -57.6902700000000     
   8689.90000000000        57.7159800000000       -57.7903300000000     
   8699.90000000000        57.8364900000000       -57.8770400000000     
   8709.90000000000        57.9078500000000       -57.9646800000000     
   8719.90000000000        57.9770500000000       -58.0351700000000     
   8729.90000000000        58.0551900000000       -58.1095700000000     
   8739.90000000000        58.1234800000000       -58.1818100000000     
   8749.90000000000        58.1807200000000       -58.2529000000000     
   8759.90000000000        58.2560200000000       -58.3285000000000     
   8769.90000000000        58.3117600000000       -58.3387400000000     
   8779.90000000000        58.3508900000000       -58.4078700000000     
   8789.90000000000        58.3904000000000       -58.4288800000000     
   8799.90000000000        58.4551800000000       -58.4759100000000     
   8809.90000000000        58.4828000000000       -58.5709900000000     
   8819.90000000000        58.5574500000000       -58.6178700000000     
   8829.90000000000        58.6389200000000       -58.7372800000000     
   8839.90000000000        58.7386800000000       -58.7825100000000     
   8849.90000000000        58.8208100000000       -58.8730200000000     
   8859.90000000000        58.9202700000000       -58.9537900000000     
   8869.90000000000        58.9674100000000       -59.0299200000000     
   8879.90000000000        59.0177100000000       -59.1039200000000     
   8889.90000000000        59.0969500000000       -59.1827400000000     
   8899.90000000000        59.1319300000000       -59.2191900000000     
   8909.90000000000        59.1593000000000       -59.2674700000000     
   8919.90000000000        59.2638700000000       -59.3271300000000     
   8929.90000000000        59.3517300000000       -59.3604200000000     
   8939.90000000000        59.4022000000000       -59.4103500000000     
   8949.90000000000        59.4482000000000       -59.4847200000000     
   8959.90000000000        59.5302300000000       -59.6400200000000     
   8969.90000000000        59.6272800000000       -59.7124100000000     
   8979.90000000000        59.7036100000000       -59.7502900000000     
   8989.90000000000        59.7707200000000       -59.7949200000000     
   8999.90000000000        59.8426500000000       -59.8858800000000     
   9009.90000000000        59.9428800000000       -59.9999900000000     
   9019.90000000000        59.9764700000000       -60.0546700000000     
   9029.90000000000        60.0321000000000       -60.0945200000000     
   9039.90000000000        60.1084500000000       -60.1984800000000     
   9049.90000000000        60.1873700000000       -60.2353100000000     
   9059.90000000000        60.2385500000000       -60.2737900000000     
   9069.90000000000        60.3102700000000       -60.3771100000000     
   9079.90000000000        60.3603800000000       -60.4353200000000     
   9089.90000000000        60.4564300000000       -60.5256800000000     
   9099.90000000000        60.5458100000000       -60.6079400000000     
   9109.90000000000        60.6176400000000       -60.6659800000000     
   9119.90000000000        60.6243000000000       -60.6979400000000     
   9129.90000000000        60.7093700000000       -60.7382900000000     
   9139.90000000000        60.7448300000000       -60.8029400000000     
   9149.90000000000        60.8101100000000       -60.9019600000000     
   9159.90000000000        60.9187200000000       -60.9249700000000     
   9169.90000000000        60.9633900000000       -61.0303000000000     
   9179.90000000000        60.9937200000000       -61.0743100000000     
   9189.90000000000        61.1007400000000       -61.1163300000000     
   9199.90000000000        61.1369900000000       -61.2206600000000     
   9209.90000000000        61.2238500000000       -61.2603100000000     
   9219.90000000000        61.2608100000000       -61.3205400000000     
   9229.90000000000        61.3214800000000       -61.3992200000000     
   9239.90000000000        61.3743400000000       -61.4476200000000     
   9249.90000000000        61.5656900000000       -61.5839500000000     
   9259.90000000000        61.5545900000000       -61.6590700000000     
   9269.90000000000        61.6156800000000       -61.6525000000000     
   9279.90000000000        61.6729800000000       -61.7856400000000     
   9289.90000000000        61.8017300000000       -61.8481400000000     
   9299.90000000000        61.9125100000000       -61.9353900000000     
   9309.90000000000        61.9659800000000       -61.9922300000000     
   9319.90000000000        62.0516200000000       -62.0587200000000     
   9329.90000000000        62.1054900000000       -62.2299200000000     
   9339.90000000000        62.1898700000000       -62.2369100000000     
   9349.90000000000        62.2832900000000       -62.2988600000000     
   9359.90000000000        62.3325800000000       -62.3727400000000     
   9369.90000000000        62.4213400000000       -62.4698600000000     
   9379.90000000000        62.4682600000000       -62.5419200000000     
   9389.90000000000        62.5767800000000       -62.6034400000000     
   9399.90000000000        62.6187600000000       -62.6263900000000     
   9409.90000000000        62.6445900000000       -62.7125700000000     
   9419.90000000000        62.7389500000000       -62.8463100000000     
   9429.90000000000        62.7948200000000       -62.8535300000000     
   9439.90000000000        62.9108800000000       -62.9137900000000     
   9449.90000000000        62.9541400000000       -63.0125800000000     
   9459.90000000000        62.9575100000000       -63.0458000000000     
   9469.90000000000        63.0756000000000       -63.0664900000000     
   9479.90000000000        63.0677600000000       -63.1340300000000     
   9489.90000000000        63.1482600000000       -63.1891900000000     
   9499.90000000000        63.1683600000000       -63.1711900000000     
   9509.90000000000        63.2503600000000       -63.2756300000000     
   9519.90000000000        63.2617700000000       -63.3276900000000     
   9529.90000000000        63.3174300000000       -63.3518400000000     
   9539.90000000000        63.3440900000000       -63.3991200000000     
   9549.90000000000        63.4555800000000       -63.4746400000000     
   9559.90000000000        63.5042700000000       -63.5663700000000     
   9569.90000000000        63.5974500000000       -63.6850000000000     
   9579.90000000000        63.6746700000000       -63.7571900000000     
   9589.90000000000        63.7477800000000       -63.8181700000000     
   9599.90000000000        63.8249700000000       -63.8813800000000     
   9609.90000000000        63.8831100000000       -63.9416200000000     
   9619.90000000000        63.9317800000000       -64.0148900000000     
   9629.90000000000        64.0548900000000       -64.0631000000000     
   9639.90000000000        64.1578500000000       -64.1037200000000     
   9649.90000000000        64.1644900000000       -64.2170800000000     
   9659.90000000000        64.2310700000000       -64.2935600000000     
   9669.90000000000        64.3686700000000       -64.3587900000000     
   9679.90000000000        64.4281400000000       -64.4713700000000     
   9689.90000000000        64.4817400000000       -64.5279300000000     
   9699.90000000000        64.5100000000000       -64.5317200000000     
   9709.90000000000        64.5543900000000       -64.5944900000000     
   9719.90000000000        64.6386100000000       -64.6413200000000     
   9729.90000000000        64.6829000000000       -64.7253900000000     
   9739.90000000000        64.7442600000000       -64.7871500000000     
   9749.90000000000        64.8309100000000       -64.8852200000000     
   9759.90000000000        64.9096000000000       -64.9435500000000     
   9769.90000000000        64.9549400000000       -64.9579200000000     
   9779.90000000000        65.0338900000000       -65.0940900000000     
   9789.90000000000        65.1128300000000       -65.1431600000000     
   9799.90000000000        65.1853800000000       -65.2205100000000     
   9809.90000000000        65.2801400000000       -65.3227600000000     
   9819.90000000000        65.3232200000000       -65.4318500000000     
   9829.90000000000        65.4045500000000       -65.4871500000000     
   9839.90000000000        65.4780400000000       -65.5552100000000     
   9849.90000000000        65.5879700000000       -65.6812100000000     
   9859.90000000000        65.7254000000000       -65.7622700000000     
   9869.90000000000        65.7697300000000       -65.8076200000000     
   9879.90000000000        65.8617400000000       -65.9555900000000     
   9889.90000000000        65.9572200000000       -66.0145800000000     
   9899.90000000000        65.9851800000000       -66.0250400000000     
   9909.90000000000        66.0802200000000       -66.0672500000000     
   9919.90000000000        66.1844500000000       -66.2033000000000     
   9929.90000000000        66.2298200000000       -66.2899600000000     
   9939.90000000000        66.2916700000000       -66.3112300000000     
   9949.90000000000        66.3847000000000       -66.4135900000000     
   9959.90000000000        66.4662600000000       -66.4880700000000     
   9969.90000000000        66.5095700000000       -66.5470600000000     
   9979.90000000000        66.5358200000000       -66.6145500000000     
   9989.90000000000        66.6333300000000       -66.7136700000000     
   9999.90000000000        66.7069300000000       -66.7857600000000     
